{
  "nbformat": 4,
  "nbformat_minor": 0,
  "metadata": {
    "colab": {
      "provenance": [],
      "authorship_tag": "ABX9TyONedivet2sra4PiKdihnxL",
      "include_colab_link": true
    },
    "kernelspec": {
      "name": "python3",
      "display_name": "Python 3"
    },
    "language_info": {
      "name": "python"
    }
  },
  "cells": [
    {
      "cell_type": "markdown",
      "metadata": {
        "id": "view-in-github",
        "colab_type": "text"
      },
      "source": [
        "<a href=\"https://colab.research.google.com/github/Darpana-iitgn/ES335_pre_req/blob/main/ES335_pre_req_Darpana_23110085.ipynb\" target=\"_parent\"><img src=\"https://colab.research.google.com/assets/colab-badge.svg\" alt=\"Open In Colab\"/></a>"
      ]
    },
    {
      "cell_type": "markdown",
      "source": [
        "A1.\n",
        "\n",
        "To multiply a matrix of size nxk with a matrix of size kxm, resulting in a matrix of size nxm, we need to perform the following operations:\n",
        "\n",
        "#### Number of Multiplications\n",
        "For each element Cij in the resulting matrix C, we perform k multiplications (one for each element in the row of the first matrix and column of the second matrix).\n",
        "\n",
        "- **Total number of multiplications**: n x m x k\n",
        "\n",
        "#### Number of Additions\n",
        "To compute each element Cij, we need to perform k - 1 additions to sum up k products.\n",
        "\n",
        "- **Total number of additions**: n x m x (k - 1)"
      ],
      "metadata": {
        "id": "omGPKq5TTuJW"
      }
    },
    {
      "cell_type": "markdown",
      "source": [
        "A2. Numpy is faster because NumPy operations are implemented in C and leverage optimized libraries, making them much faster for large-scale operations compared to Python's naive list of lists."
      ],
      "metadata": {
        "id": "Io9iHYh1U5LG"
      }
    },
    {
      "cell_type": "code",
      "source": [
        "import time\n",
        "import numpy as np\n",
        "\n",
        "# Function to multiply two matrices using list of lists\n",
        "def matrix_multiply_list_of_lists(A, B):\n",
        "    n = len(A)\n",
        "    k = len(B)\n",
        "    m = len(B[0])\n",
        "\n",
        "    # Initialize result matrix with zeros\n",
        "    C = [[0] * m for _ in range(n)]\n",
        "\n",
        "    # Perform matrix multiplication\n",
        "    for i in range(n):\n",
        "        for j in range(m):\n",
        "            for l in range(k):\n",
        "                C[i][j] += A[i][l] * B[l][j]\n",
        "\n",
        "    return C\n",
        "\n",
        "# Define larger matrices\n",
        "A = [[i + j for j in range(100)] for i in range(100)]  # 100x100 matrix\n",
        "B = [[i + j for j in range(100)] for i in range(100)]  # 100x100 matrix\n",
        "\n",
        "# Convert lists to NumPy arrays\n",
        "start_time = time.time()\n",
        "A_np = np.array(A)\n",
        "B_np = np.array(B)\n",
        "\n",
        "# Measure time for NumPy multiplication\n",
        "start_time = time.time()\n",
        "C_np = np.matmul(A_np, B_np)\n",
        "numpy_time = time.time() - start_time\n",
        "\n",
        "# Measure time for list of lists method\n",
        "start_time = time.time()\n",
        "C_list_of_lists = matrix_multiply_list_of_lists(A, B)\n",
        "list_of_lists_time = time.time() - start_time\n",
        "\n",
        "\n",
        "# Print results\n",
        "print(\"Result using list of lists:\")\n",
        "print(C_list_of_lists)\n",
        "print(f\"Time taken with list of lists: {list_of_lists_time} seconds\")\n",
        "\n",
        "print(\"Result using NumPy:\")\n",
        "print(C_np)\n",
        "print(f\"Time taken with NumPy multiplication: {numpy_time} seconds\")"
      ],
      "metadata": {
        "colab": {
          "base_uri": "https://localhost:8080/"
        },
        "id": "1OFaUUt0VNbp",
        "outputId": "a1374f7c-f9e0-4c65-d581-24074100a245"
      },
      "execution_count": null,
      "outputs": [
        {
          "output_type": "stream",
          "name": "stdout",
          "text": [
            "Result using list of lists:\n",
            "[[328350, 333300, 338250, 343200, 348150, 353100, 358050, 363000, 367950, 372900, 377850, 382800, 387750, 392700, 397650, 402600, 407550, 412500, 417450, 422400, 427350, 432300, 437250, 442200, 447150, 452100, 457050, 462000, 466950, 471900, 476850, 481800, 486750, 491700, 496650, 501600, 506550, 511500, 516450, 521400, 526350, 531300, 536250, 541200, 546150, 551100, 556050, 561000, 565950, 570900, 575850, 580800, 585750, 590700, 595650, 600600, 605550, 610500, 615450, 620400, 625350, 630300, 635250, 640200, 645150, 650100, 655050, 660000, 664950, 669900, 674850, 679800, 684750, 689700, 694650, 699600, 704550, 709500, 714450, 719400, 724350, 729300, 734250, 739200, 744150, 749100, 754050, 759000, 763950, 768900, 773850, 778800, 783750, 788700, 793650, 798600, 803550, 808500, 813450, 818400], [333300, 338350, 343400, 348450, 353500, 358550, 363600, 368650, 373700, 378750, 383800, 388850, 393900, 398950, 404000, 409050, 414100, 419150, 424200, 429250, 434300, 439350, 444400, 449450, 454500, 459550, 464600, 469650, 474700, 479750, 484800, 489850, 494900, 499950, 505000, 510050, 515100, 520150, 525200, 530250, 535300, 540350, 545400, 550450, 555500, 560550, 565600, 570650, 575700, 580750, 585800, 590850, 595900, 600950, 606000, 611050, 616100, 621150, 626200, 631250, 636300, 641350, 646400, 651450, 656500, 661550, 666600, 671650, 676700, 681750, 686800, 691850, 696900, 701950, 707000, 712050, 717100, 722150, 727200, 732250, 737300, 742350, 747400, 752450, 757500, 762550, 767600, 772650, 777700, 782750, 787800, 792850, 797900, 802950, 808000, 813050, 818100, 823150, 828200, 833250], [338250, 343400, 348550, 353700, 358850, 364000, 369150, 374300, 379450, 384600, 389750, 394900, 400050, 405200, 410350, 415500, 420650, 425800, 430950, 436100, 441250, 446400, 451550, 456700, 461850, 467000, 472150, 477300, 482450, 487600, 492750, 497900, 503050, 508200, 513350, 518500, 523650, 528800, 533950, 539100, 544250, 549400, 554550, 559700, 564850, 570000, 575150, 580300, 585450, 590600, 595750, 600900, 606050, 611200, 616350, 621500, 626650, 631800, 636950, 642100, 647250, 652400, 657550, 662700, 667850, 673000, 678150, 683300, 688450, 693600, 698750, 703900, 709050, 714200, 719350, 724500, 729650, 734800, 739950, 745100, 750250, 755400, 760550, 765700, 770850, 776000, 781150, 786300, 791450, 796600, 801750, 806900, 812050, 817200, 822350, 827500, 832650, 837800, 842950, 848100], [343200, 348450, 353700, 358950, 364200, 369450, 374700, 379950, 385200, 390450, 395700, 400950, 406200, 411450, 416700, 421950, 427200, 432450, 437700, 442950, 448200, 453450, 458700, 463950, 469200, 474450, 479700, 484950, 490200, 495450, 500700, 505950, 511200, 516450, 521700, 526950, 532200, 537450, 542700, 547950, 553200, 558450, 563700, 568950, 574200, 579450, 584700, 589950, 595200, 600450, 605700, 610950, 616200, 621450, 626700, 631950, 637200, 642450, 647700, 652950, 658200, 663450, 668700, 673950, 679200, 684450, 689700, 694950, 700200, 705450, 710700, 715950, 721200, 726450, 731700, 736950, 742200, 747450, 752700, 757950, 763200, 768450, 773700, 778950, 784200, 789450, 794700, 799950, 805200, 810450, 815700, 820950, 826200, 831450, 836700, 841950, 847200, 852450, 857700, 862950], [348150, 353500, 358850, 364200, 369550, 374900, 380250, 385600, 390950, 396300, 401650, 407000, 412350, 417700, 423050, 428400, 433750, 439100, 444450, 449800, 455150, 460500, 465850, 471200, 476550, 481900, 487250, 492600, 497950, 503300, 508650, 514000, 519350, 524700, 530050, 535400, 540750, 546100, 551450, 556800, 562150, 567500, 572850, 578200, 583550, 588900, 594250, 599600, 604950, 610300, 615650, 621000, 626350, 631700, 637050, 642400, 647750, 653100, 658450, 663800, 669150, 674500, 679850, 685200, 690550, 695900, 701250, 706600, 711950, 717300, 722650, 728000, 733350, 738700, 744050, 749400, 754750, 760100, 765450, 770800, 776150, 781500, 786850, 792200, 797550, 802900, 808250, 813600, 818950, 824300, 829650, 835000, 840350, 845700, 851050, 856400, 861750, 867100, 872450, 877800], [353100, 358550, 364000, 369450, 374900, 380350, 385800, 391250, 396700, 402150, 407600, 413050, 418500, 423950, 429400, 434850, 440300, 445750, 451200, 456650, 462100, 467550, 473000, 478450, 483900, 489350, 494800, 500250, 505700, 511150, 516600, 522050, 527500, 532950, 538400, 543850, 549300, 554750, 560200, 565650, 571100, 576550, 582000, 587450, 592900, 598350, 603800, 609250, 614700, 620150, 625600, 631050, 636500, 641950, 647400, 652850, 658300, 663750, 669200, 674650, 680100, 685550, 691000, 696450, 701900, 707350, 712800, 718250, 723700, 729150, 734600, 740050, 745500, 750950, 756400, 761850, 767300, 772750, 778200, 783650, 789100, 794550, 800000, 805450, 810900, 816350, 821800, 827250, 832700, 838150, 843600, 849050, 854500, 859950, 865400, 870850, 876300, 881750, 887200, 892650], [358050, 363600, 369150, 374700, 380250, 385800, 391350, 396900, 402450, 408000, 413550, 419100, 424650, 430200, 435750, 441300, 446850, 452400, 457950, 463500, 469050, 474600, 480150, 485700, 491250, 496800, 502350, 507900, 513450, 519000, 524550, 530100, 535650, 541200, 546750, 552300, 557850, 563400, 568950, 574500, 580050, 585600, 591150, 596700, 602250, 607800, 613350, 618900, 624450, 630000, 635550, 641100, 646650, 652200, 657750, 663300, 668850, 674400, 679950, 685500, 691050, 696600, 702150, 707700, 713250, 718800, 724350, 729900, 735450, 741000, 746550, 752100, 757650, 763200, 768750, 774300, 779850, 785400, 790950, 796500, 802050, 807600, 813150, 818700, 824250, 829800, 835350, 840900, 846450, 852000, 857550, 863100, 868650, 874200, 879750, 885300, 890850, 896400, 901950, 907500], [363000, 368650, 374300, 379950, 385600, 391250, 396900, 402550, 408200, 413850, 419500, 425150, 430800, 436450, 442100, 447750, 453400, 459050, 464700, 470350, 476000, 481650, 487300, 492950, 498600, 504250, 509900, 515550, 521200, 526850, 532500, 538150, 543800, 549450, 555100, 560750, 566400, 572050, 577700, 583350, 589000, 594650, 600300, 605950, 611600, 617250, 622900, 628550, 634200, 639850, 645500, 651150, 656800, 662450, 668100, 673750, 679400, 685050, 690700, 696350, 702000, 707650, 713300, 718950, 724600, 730250, 735900, 741550, 747200, 752850, 758500, 764150, 769800, 775450, 781100, 786750, 792400, 798050, 803700, 809350, 815000, 820650, 826300, 831950, 837600, 843250, 848900, 854550, 860200, 865850, 871500, 877150, 882800, 888450, 894100, 899750, 905400, 911050, 916700, 922350], [367950, 373700, 379450, 385200, 390950, 396700, 402450, 408200, 413950, 419700, 425450, 431200, 436950, 442700, 448450, 454200, 459950, 465700, 471450, 477200, 482950, 488700, 494450, 500200, 505950, 511700, 517450, 523200, 528950, 534700, 540450, 546200, 551950, 557700, 563450, 569200, 574950, 580700, 586450, 592200, 597950, 603700, 609450, 615200, 620950, 626700, 632450, 638200, 643950, 649700, 655450, 661200, 666950, 672700, 678450, 684200, 689950, 695700, 701450, 707200, 712950, 718700, 724450, 730200, 735950, 741700, 747450, 753200, 758950, 764700, 770450, 776200, 781950, 787700, 793450, 799200, 804950, 810700, 816450, 822200, 827950, 833700, 839450, 845200, 850950, 856700, 862450, 868200, 873950, 879700, 885450, 891200, 896950, 902700, 908450, 914200, 919950, 925700, 931450, 937200], [372900, 378750, 384600, 390450, 396300, 402150, 408000, 413850, 419700, 425550, 431400, 437250, 443100, 448950, 454800, 460650, 466500, 472350, 478200, 484050, 489900, 495750, 501600, 507450, 513300, 519150, 525000, 530850, 536700, 542550, 548400, 554250, 560100, 565950, 571800, 577650, 583500, 589350, 595200, 601050, 606900, 612750, 618600, 624450, 630300, 636150, 642000, 647850, 653700, 659550, 665400, 671250, 677100, 682950, 688800, 694650, 700500, 706350, 712200, 718050, 723900, 729750, 735600, 741450, 747300, 753150, 759000, 764850, 770700, 776550, 782400, 788250, 794100, 799950, 805800, 811650, 817500, 823350, 829200, 835050, 840900, 846750, 852600, 858450, 864300, 870150, 876000, 881850, 887700, 893550, 899400, 905250, 911100, 916950, 922800, 928650, 934500, 940350, 946200, 952050], [377850, 383800, 389750, 395700, 401650, 407600, 413550, 419500, 425450, 431400, 437350, 443300, 449250, 455200, 461150, 467100, 473050, 479000, 484950, 490900, 496850, 502800, 508750, 514700, 520650, 526600, 532550, 538500, 544450, 550400, 556350, 562300, 568250, 574200, 580150, 586100, 592050, 598000, 603950, 609900, 615850, 621800, 627750, 633700, 639650, 645600, 651550, 657500, 663450, 669400, 675350, 681300, 687250, 693200, 699150, 705100, 711050, 717000, 722950, 728900, 734850, 740800, 746750, 752700, 758650, 764600, 770550, 776500, 782450, 788400, 794350, 800300, 806250, 812200, 818150, 824100, 830050, 836000, 841950, 847900, 853850, 859800, 865750, 871700, 877650, 883600, 889550, 895500, 901450, 907400, 913350, 919300, 925250, 931200, 937150, 943100, 949050, 955000, 960950, 966900], [382800, 388850, 394900, 400950, 407000, 413050, 419100, 425150, 431200, 437250, 443300, 449350, 455400, 461450, 467500, 473550, 479600, 485650, 491700, 497750, 503800, 509850, 515900, 521950, 528000, 534050, 540100, 546150, 552200, 558250, 564300, 570350, 576400, 582450, 588500, 594550, 600600, 606650, 612700, 618750, 624800, 630850, 636900, 642950, 649000, 655050, 661100, 667150, 673200, 679250, 685300, 691350, 697400, 703450, 709500, 715550, 721600, 727650, 733700, 739750, 745800, 751850, 757900, 763950, 770000, 776050, 782100, 788150, 794200, 800250, 806300, 812350, 818400, 824450, 830500, 836550, 842600, 848650, 854700, 860750, 866800, 872850, 878900, 884950, 891000, 897050, 903100, 909150, 915200, 921250, 927300, 933350, 939400, 945450, 951500, 957550, 963600, 969650, 975700, 981750], [387750, 393900, 400050, 406200, 412350, 418500, 424650, 430800, 436950, 443100, 449250, 455400, 461550, 467700, 473850, 480000, 486150, 492300, 498450, 504600, 510750, 516900, 523050, 529200, 535350, 541500, 547650, 553800, 559950, 566100, 572250, 578400, 584550, 590700, 596850, 603000, 609150, 615300, 621450, 627600, 633750, 639900, 646050, 652200, 658350, 664500, 670650, 676800, 682950, 689100, 695250, 701400, 707550, 713700, 719850, 726000, 732150, 738300, 744450, 750600, 756750, 762900, 769050, 775200, 781350, 787500, 793650, 799800, 805950, 812100, 818250, 824400, 830550, 836700, 842850, 849000, 855150, 861300, 867450, 873600, 879750, 885900, 892050, 898200, 904350, 910500, 916650, 922800, 928950, 935100, 941250, 947400, 953550, 959700, 965850, 972000, 978150, 984300, 990450, 996600], [392700, 398950, 405200, 411450, 417700, 423950, 430200, 436450, 442700, 448950, 455200, 461450, 467700, 473950, 480200, 486450, 492700, 498950, 505200, 511450, 517700, 523950, 530200, 536450, 542700, 548950, 555200, 561450, 567700, 573950, 580200, 586450, 592700, 598950, 605200, 611450, 617700, 623950, 630200, 636450, 642700, 648950, 655200, 661450, 667700, 673950, 680200, 686450, 692700, 698950, 705200, 711450, 717700, 723950, 730200, 736450, 742700, 748950, 755200, 761450, 767700, 773950, 780200, 786450, 792700, 798950, 805200, 811450, 817700, 823950, 830200, 836450, 842700, 848950, 855200, 861450, 867700, 873950, 880200, 886450, 892700, 898950, 905200, 911450, 917700, 923950, 930200, 936450, 942700, 948950, 955200, 961450, 967700, 973950, 980200, 986450, 992700, 998950, 1005200, 1011450], [397650, 404000, 410350, 416700, 423050, 429400, 435750, 442100, 448450, 454800, 461150, 467500, 473850, 480200, 486550, 492900, 499250, 505600, 511950, 518300, 524650, 531000, 537350, 543700, 550050, 556400, 562750, 569100, 575450, 581800, 588150, 594500, 600850, 607200, 613550, 619900, 626250, 632600, 638950, 645300, 651650, 658000, 664350, 670700, 677050, 683400, 689750, 696100, 702450, 708800, 715150, 721500, 727850, 734200, 740550, 746900, 753250, 759600, 765950, 772300, 778650, 785000, 791350, 797700, 804050, 810400, 816750, 823100, 829450, 835800, 842150, 848500, 854850, 861200, 867550, 873900, 880250, 886600, 892950, 899300, 905650, 912000, 918350, 924700, 931050, 937400, 943750, 950100, 956450, 962800, 969150, 975500, 981850, 988200, 994550, 1000900, 1007250, 1013600, 1019950, 1026300], [402600, 409050, 415500, 421950, 428400, 434850, 441300, 447750, 454200, 460650, 467100, 473550, 480000, 486450, 492900, 499350, 505800, 512250, 518700, 525150, 531600, 538050, 544500, 550950, 557400, 563850, 570300, 576750, 583200, 589650, 596100, 602550, 609000, 615450, 621900, 628350, 634800, 641250, 647700, 654150, 660600, 667050, 673500, 679950, 686400, 692850, 699300, 705750, 712200, 718650, 725100, 731550, 738000, 744450, 750900, 757350, 763800, 770250, 776700, 783150, 789600, 796050, 802500, 808950, 815400, 821850, 828300, 834750, 841200, 847650, 854100, 860550, 867000, 873450, 879900, 886350, 892800, 899250, 905700, 912150, 918600, 925050, 931500, 937950, 944400, 950850, 957300, 963750, 970200, 976650, 983100, 989550, 996000, 1002450, 1008900, 1015350, 1021800, 1028250, 1034700, 1041150], [407550, 414100, 420650, 427200, 433750, 440300, 446850, 453400, 459950, 466500, 473050, 479600, 486150, 492700, 499250, 505800, 512350, 518900, 525450, 532000, 538550, 545100, 551650, 558200, 564750, 571300, 577850, 584400, 590950, 597500, 604050, 610600, 617150, 623700, 630250, 636800, 643350, 649900, 656450, 663000, 669550, 676100, 682650, 689200, 695750, 702300, 708850, 715400, 721950, 728500, 735050, 741600, 748150, 754700, 761250, 767800, 774350, 780900, 787450, 794000, 800550, 807100, 813650, 820200, 826750, 833300, 839850, 846400, 852950, 859500, 866050, 872600, 879150, 885700, 892250, 898800, 905350, 911900, 918450, 925000, 931550, 938100, 944650, 951200, 957750, 964300, 970850, 977400, 983950, 990500, 997050, 1003600, 1010150, 1016700, 1023250, 1029800, 1036350, 1042900, 1049450, 1056000], [412500, 419150, 425800, 432450, 439100, 445750, 452400, 459050, 465700, 472350, 479000, 485650, 492300, 498950, 505600, 512250, 518900, 525550, 532200, 538850, 545500, 552150, 558800, 565450, 572100, 578750, 585400, 592050, 598700, 605350, 612000, 618650, 625300, 631950, 638600, 645250, 651900, 658550, 665200, 671850, 678500, 685150, 691800, 698450, 705100, 711750, 718400, 725050, 731700, 738350, 745000, 751650, 758300, 764950, 771600, 778250, 784900, 791550, 798200, 804850, 811500, 818150, 824800, 831450, 838100, 844750, 851400, 858050, 864700, 871350, 878000, 884650, 891300, 897950, 904600, 911250, 917900, 924550, 931200, 937850, 944500, 951150, 957800, 964450, 971100, 977750, 984400, 991050, 997700, 1004350, 1011000, 1017650, 1024300, 1030950, 1037600, 1044250, 1050900, 1057550, 1064200, 1070850], [417450, 424200, 430950, 437700, 444450, 451200, 457950, 464700, 471450, 478200, 484950, 491700, 498450, 505200, 511950, 518700, 525450, 532200, 538950, 545700, 552450, 559200, 565950, 572700, 579450, 586200, 592950, 599700, 606450, 613200, 619950, 626700, 633450, 640200, 646950, 653700, 660450, 667200, 673950, 680700, 687450, 694200, 700950, 707700, 714450, 721200, 727950, 734700, 741450, 748200, 754950, 761700, 768450, 775200, 781950, 788700, 795450, 802200, 808950, 815700, 822450, 829200, 835950, 842700, 849450, 856200, 862950, 869700, 876450, 883200, 889950, 896700, 903450, 910200, 916950, 923700, 930450, 937200, 943950, 950700, 957450, 964200, 970950, 977700, 984450, 991200, 997950, 1004700, 1011450, 1018200, 1024950, 1031700, 1038450, 1045200, 1051950, 1058700, 1065450, 1072200, 1078950, 1085700], [422400, 429250, 436100, 442950, 449800, 456650, 463500, 470350, 477200, 484050, 490900, 497750, 504600, 511450, 518300, 525150, 532000, 538850, 545700, 552550, 559400, 566250, 573100, 579950, 586800, 593650, 600500, 607350, 614200, 621050, 627900, 634750, 641600, 648450, 655300, 662150, 669000, 675850, 682700, 689550, 696400, 703250, 710100, 716950, 723800, 730650, 737500, 744350, 751200, 758050, 764900, 771750, 778600, 785450, 792300, 799150, 806000, 812850, 819700, 826550, 833400, 840250, 847100, 853950, 860800, 867650, 874500, 881350, 888200, 895050, 901900, 908750, 915600, 922450, 929300, 936150, 943000, 949850, 956700, 963550, 970400, 977250, 984100, 990950, 997800, 1004650, 1011500, 1018350, 1025200, 1032050, 1038900, 1045750, 1052600, 1059450, 1066300, 1073150, 1080000, 1086850, 1093700, 1100550], [427350, 434300, 441250, 448200, 455150, 462100, 469050, 476000, 482950, 489900, 496850, 503800, 510750, 517700, 524650, 531600, 538550, 545500, 552450, 559400, 566350, 573300, 580250, 587200, 594150, 601100, 608050, 615000, 621950, 628900, 635850, 642800, 649750, 656700, 663650, 670600, 677550, 684500, 691450, 698400, 705350, 712300, 719250, 726200, 733150, 740100, 747050, 754000, 760950, 767900, 774850, 781800, 788750, 795700, 802650, 809600, 816550, 823500, 830450, 837400, 844350, 851300, 858250, 865200, 872150, 879100, 886050, 893000, 899950, 906900, 913850, 920800, 927750, 934700, 941650, 948600, 955550, 962500, 969450, 976400, 983350, 990300, 997250, 1004200, 1011150, 1018100, 1025050, 1032000, 1038950, 1045900, 1052850, 1059800, 1066750, 1073700, 1080650, 1087600, 1094550, 1101500, 1108450, 1115400], [432300, 439350, 446400, 453450, 460500, 467550, 474600, 481650, 488700, 495750, 502800, 509850, 516900, 523950, 531000, 538050, 545100, 552150, 559200, 566250, 573300, 580350, 587400, 594450, 601500, 608550, 615600, 622650, 629700, 636750, 643800, 650850, 657900, 664950, 672000, 679050, 686100, 693150, 700200, 707250, 714300, 721350, 728400, 735450, 742500, 749550, 756600, 763650, 770700, 777750, 784800, 791850, 798900, 805950, 813000, 820050, 827100, 834150, 841200, 848250, 855300, 862350, 869400, 876450, 883500, 890550, 897600, 904650, 911700, 918750, 925800, 932850, 939900, 946950, 954000, 961050, 968100, 975150, 982200, 989250, 996300, 1003350, 1010400, 1017450, 1024500, 1031550, 1038600, 1045650, 1052700, 1059750, 1066800, 1073850, 1080900, 1087950, 1095000, 1102050, 1109100, 1116150, 1123200, 1130250], [437250, 444400, 451550, 458700, 465850, 473000, 480150, 487300, 494450, 501600, 508750, 515900, 523050, 530200, 537350, 544500, 551650, 558800, 565950, 573100, 580250, 587400, 594550, 601700, 608850, 616000, 623150, 630300, 637450, 644600, 651750, 658900, 666050, 673200, 680350, 687500, 694650, 701800, 708950, 716100, 723250, 730400, 737550, 744700, 751850, 759000, 766150, 773300, 780450, 787600, 794750, 801900, 809050, 816200, 823350, 830500, 837650, 844800, 851950, 859100, 866250, 873400, 880550, 887700, 894850, 902000, 909150, 916300, 923450, 930600, 937750, 944900, 952050, 959200, 966350, 973500, 980650, 987800, 994950, 1002100, 1009250, 1016400, 1023550, 1030700, 1037850, 1045000, 1052150, 1059300, 1066450, 1073600, 1080750, 1087900, 1095050, 1102200, 1109350, 1116500, 1123650, 1130800, 1137950, 1145100], [442200, 449450, 456700, 463950, 471200, 478450, 485700, 492950, 500200, 507450, 514700, 521950, 529200, 536450, 543700, 550950, 558200, 565450, 572700, 579950, 587200, 594450, 601700, 608950, 616200, 623450, 630700, 637950, 645200, 652450, 659700, 666950, 674200, 681450, 688700, 695950, 703200, 710450, 717700, 724950, 732200, 739450, 746700, 753950, 761200, 768450, 775700, 782950, 790200, 797450, 804700, 811950, 819200, 826450, 833700, 840950, 848200, 855450, 862700, 869950, 877200, 884450, 891700, 898950, 906200, 913450, 920700, 927950, 935200, 942450, 949700, 956950, 964200, 971450, 978700, 985950, 993200, 1000450, 1007700, 1014950, 1022200, 1029450, 1036700, 1043950, 1051200, 1058450, 1065700, 1072950, 1080200, 1087450, 1094700, 1101950, 1109200, 1116450, 1123700, 1130950, 1138200, 1145450, 1152700, 1159950], [447150, 454500, 461850, 469200, 476550, 483900, 491250, 498600, 505950, 513300, 520650, 528000, 535350, 542700, 550050, 557400, 564750, 572100, 579450, 586800, 594150, 601500, 608850, 616200, 623550, 630900, 638250, 645600, 652950, 660300, 667650, 675000, 682350, 689700, 697050, 704400, 711750, 719100, 726450, 733800, 741150, 748500, 755850, 763200, 770550, 777900, 785250, 792600, 799950, 807300, 814650, 822000, 829350, 836700, 844050, 851400, 858750, 866100, 873450, 880800, 888150, 895500, 902850, 910200, 917550, 924900, 932250, 939600, 946950, 954300, 961650, 969000, 976350, 983700, 991050, 998400, 1005750, 1013100, 1020450, 1027800, 1035150, 1042500, 1049850, 1057200, 1064550, 1071900, 1079250, 1086600, 1093950, 1101300, 1108650, 1116000, 1123350, 1130700, 1138050, 1145400, 1152750, 1160100, 1167450, 1174800], [452100, 459550, 467000, 474450, 481900, 489350, 496800, 504250, 511700, 519150, 526600, 534050, 541500, 548950, 556400, 563850, 571300, 578750, 586200, 593650, 601100, 608550, 616000, 623450, 630900, 638350, 645800, 653250, 660700, 668150, 675600, 683050, 690500, 697950, 705400, 712850, 720300, 727750, 735200, 742650, 750100, 757550, 765000, 772450, 779900, 787350, 794800, 802250, 809700, 817150, 824600, 832050, 839500, 846950, 854400, 861850, 869300, 876750, 884200, 891650, 899100, 906550, 914000, 921450, 928900, 936350, 943800, 951250, 958700, 966150, 973600, 981050, 988500, 995950, 1003400, 1010850, 1018300, 1025750, 1033200, 1040650, 1048100, 1055550, 1063000, 1070450, 1077900, 1085350, 1092800, 1100250, 1107700, 1115150, 1122600, 1130050, 1137500, 1144950, 1152400, 1159850, 1167300, 1174750, 1182200, 1189650], [457050, 464600, 472150, 479700, 487250, 494800, 502350, 509900, 517450, 525000, 532550, 540100, 547650, 555200, 562750, 570300, 577850, 585400, 592950, 600500, 608050, 615600, 623150, 630700, 638250, 645800, 653350, 660900, 668450, 676000, 683550, 691100, 698650, 706200, 713750, 721300, 728850, 736400, 743950, 751500, 759050, 766600, 774150, 781700, 789250, 796800, 804350, 811900, 819450, 827000, 834550, 842100, 849650, 857200, 864750, 872300, 879850, 887400, 894950, 902500, 910050, 917600, 925150, 932700, 940250, 947800, 955350, 962900, 970450, 978000, 985550, 993100, 1000650, 1008200, 1015750, 1023300, 1030850, 1038400, 1045950, 1053500, 1061050, 1068600, 1076150, 1083700, 1091250, 1098800, 1106350, 1113900, 1121450, 1129000, 1136550, 1144100, 1151650, 1159200, 1166750, 1174300, 1181850, 1189400, 1196950, 1204500], [462000, 469650, 477300, 484950, 492600, 500250, 507900, 515550, 523200, 530850, 538500, 546150, 553800, 561450, 569100, 576750, 584400, 592050, 599700, 607350, 615000, 622650, 630300, 637950, 645600, 653250, 660900, 668550, 676200, 683850, 691500, 699150, 706800, 714450, 722100, 729750, 737400, 745050, 752700, 760350, 768000, 775650, 783300, 790950, 798600, 806250, 813900, 821550, 829200, 836850, 844500, 852150, 859800, 867450, 875100, 882750, 890400, 898050, 905700, 913350, 921000, 928650, 936300, 943950, 951600, 959250, 966900, 974550, 982200, 989850, 997500, 1005150, 1012800, 1020450, 1028100, 1035750, 1043400, 1051050, 1058700, 1066350, 1074000, 1081650, 1089300, 1096950, 1104600, 1112250, 1119900, 1127550, 1135200, 1142850, 1150500, 1158150, 1165800, 1173450, 1181100, 1188750, 1196400, 1204050, 1211700, 1219350], [466950, 474700, 482450, 490200, 497950, 505700, 513450, 521200, 528950, 536700, 544450, 552200, 559950, 567700, 575450, 583200, 590950, 598700, 606450, 614200, 621950, 629700, 637450, 645200, 652950, 660700, 668450, 676200, 683950, 691700, 699450, 707200, 714950, 722700, 730450, 738200, 745950, 753700, 761450, 769200, 776950, 784700, 792450, 800200, 807950, 815700, 823450, 831200, 838950, 846700, 854450, 862200, 869950, 877700, 885450, 893200, 900950, 908700, 916450, 924200, 931950, 939700, 947450, 955200, 962950, 970700, 978450, 986200, 993950, 1001700, 1009450, 1017200, 1024950, 1032700, 1040450, 1048200, 1055950, 1063700, 1071450, 1079200, 1086950, 1094700, 1102450, 1110200, 1117950, 1125700, 1133450, 1141200, 1148950, 1156700, 1164450, 1172200, 1179950, 1187700, 1195450, 1203200, 1210950, 1218700, 1226450, 1234200], [471900, 479750, 487600, 495450, 503300, 511150, 519000, 526850, 534700, 542550, 550400, 558250, 566100, 573950, 581800, 589650, 597500, 605350, 613200, 621050, 628900, 636750, 644600, 652450, 660300, 668150, 676000, 683850, 691700, 699550, 707400, 715250, 723100, 730950, 738800, 746650, 754500, 762350, 770200, 778050, 785900, 793750, 801600, 809450, 817300, 825150, 833000, 840850, 848700, 856550, 864400, 872250, 880100, 887950, 895800, 903650, 911500, 919350, 927200, 935050, 942900, 950750, 958600, 966450, 974300, 982150, 990000, 997850, 1005700, 1013550, 1021400, 1029250, 1037100, 1044950, 1052800, 1060650, 1068500, 1076350, 1084200, 1092050, 1099900, 1107750, 1115600, 1123450, 1131300, 1139150, 1147000, 1154850, 1162700, 1170550, 1178400, 1186250, 1194100, 1201950, 1209800, 1217650, 1225500, 1233350, 1241200, 1249050], [476850, 484800, 492750, 500700, 508650, 516600, 524550, 532500, 540450, 548400, 556350, 564300, 572250, 580200, 588150, 596100, 604050, 612000, 619950, 627900, 635850, 643800, 651750, 659700, 667650, 675600, 683550, 691500, 699450, 707400, 715350, 723300, 731250, 739200, 747150, 755100, 763050, 771000, 778950, 786900, 794850, 802800, 810750, 818700, 826650, 834600, 842550, 850500, 858450, 866400, 874350, 882300, 890250, 898200, 906150, 914100, 922050, 930000, 937950, 945900, 953850, 961800, 969750, 977700, 985650, 993600, 1001550, 1009500, 1017450, 1025400, 1033350, 1041300, 1049250, 1057200, 1065150, 1073100, 1081050, 1089000, 1096950, 1104900, 1112850, 1120800, 1128750, 1136700, 1144650, 1152600, 1160550, 1168500, 1176450, 1184400, 1192350, 1200300, 1208250, 1216200, 1224150, 1232100, 1240050, 1248000, 1255950, 1263900], [481800, 489850, 497900, 505950, 514000, 522050, 530100, 538150, 546200, 554250, 562300, 570350, 578400, 586450, 594500, 602550, 610600, 618650, 626700, 634750, 642800, 650850, 658900, 666950, 675000, 683050, 691100, 699150, 707200, 715250, 723300, 731350, 739400, 747450, 755500, 763550, 771600, 779650, 787700, 795750, 803800, 811850, 819900, 827950, 836000, 844050, 852100, 860150, 868200, 876250, 884300, 892350, 900400, 908450, 916500, 924550, 932600, 940650, 948700, 956750, 964800, 972850, 980900, 988950, 997000, 1005050, 1013100, 1021150, 1029200, 1037250, 1045300, 1053350, 1061400, 1069450, 1077500, 1085550, 1093600, 1101650, 1109700, 1117750, 1125800, 1133850, 1141900, 1149950, 1158000, 1166050, 1174100, 1182150, 1190200, 1198250, 1206300, 1214350, 1222400, 1230450, 1238500, 1246550, 1254600, 1262650, 1270700, 1278750], [486750, 494900, 503050, 511200, 519350, 527500, 535650, 543800, 551950, 560100, 568250, 576400, 584550, 592700, 600850, 609000, 617150, 625300, 633450, 641600, 649750, 657900, 666050, 674200, 682350, 690500, 698650, 706800, 714950, 723100, 731250, 739400, 747550, 755700, 763850, 772000, 780150, 788300, 796450, 804600, 812750, 820900, 829050, 837200, 845350, 853500, 861650, 869800, 877950, 886100, 894250, 902400, 910550, 918700, 926850, 935000, 943150, 951300, 959450, 967600, 975750, 983900, 992050, 1000200, 1008350, 1016500, 1024650, 1032800, 1040950, 1049100, 1057250, 1065400, 1073550, 1081700, 1089850, 1098000, 1106150, 1114300, 1122450, 1130600, 1138750, 1146900, 1155050, 1163200, 1171350, 1179500, 1187650, 1195800, 1203950, 1212100, 1220250, 1228400, 1236550, 1244700, 1252850, 1261000, 1269150, 1277300, 1285450, 1293600], [491700, 499950, 508200, 516450, 524700, 532950, 541200, 549450, 557700, 565950, 574200, 582450, 590700, 598950, 607200, 615450, 623700, 631950, 640200, 648450, 656700, 664950, 673200, 681450, 689700, 697950, 706200, 714450, 722700, 730950, 739200, 747450, 755700, 763950, 772200, 780450, 788700, 796950, 805200, 813450, 821700, 829950, 838200, 846450, 854700, 862950, 871200, 879450, 887700, 895950, 904200, 912450, 920700, 928950, 937200, 945450, 953700, 961950, 970200, 978450, 986700, 994950, 1003200, 1011450, 1019700, 1027950, 1036200, 1044450, 1052700, 1060950, 1069200, 1077450, 1085700, 1093950, 1102200, 1110450, 1118700, 1126950, 1135200, 1143450, 1151700, 1159950, 1168200, 1176450, 1184700, 1192950, 1201200, 1209450, 1217700, 1225950, 1234200, 1242450, 1250700, 1258950, 1267200, 1275450, 1283700, 1291950, 1300200, 1308450], [496650, 505000, 513350, 521700, 530050, 538400, 546750, 555100, 563450, 571800, 580150, 588500, 596850, 605200, 613550, 621900, 630250, 638600, 646950, 655300, 663650, 672000, 680350, 688700, 697050, 705400, 713750, 722100, 730450, 738800, 747150, 755500, 763850, 772200, 780550, 788900, 797250, 805600, 813950, 822300, 830650, 839000, 847350, 855700, 864050, 872400, 880750, 889100, 897450, 905800, 914150, 922500, 930850, 939200, 947550, 955900, 964250, 972600, 980950, 989300, 997650, 1006000, 1014350, 1022700, 1031050, 1039400, 1047750, 1056100, 1064450, 1072800, 1081150, 1089500, 1097850, 1106200, 1114550, 1122900, 1131250, 1139600, 1147950, 1156300, 1164650, 1173000, 1181350, 1189700, 1198050, 1206400, 1214750, 1223100, 1231450, 1239800, 1248150, 1256500, 1264850, 1273200, 1281550, 1289900, 1298250, 1306600, 1314950, 1323300], [501600, 510050, 518500, 526950, 535400, 543850, 552300, 560750, 569200, 577650, 586100, 594550, 603000, 611450, 619900, 628350, 636800, 645250, 653700, 662150, 670600, 679050, 687500, 695950, 704400, 712850, 721300, 729750, 738200, 746650, 755100, 763550, 772000, 780450, 788900, 797350, 805800, 814250, 822700, 831150, 839600, 848050, 856500, 864950, 873400, 881850, 890300, 898750, 907200, 915650, 924100, 932550, 941000, 949450, 957900, 966350, 974800, 983250, 991700, 1000150, 1008600, 1017050, 1025500, 1033950, 1042400, 1050850, 1059300, 1067750, 1076200, 1084650, 1093100, 1101550, 1110000, 1118450, 1126900, 1135350, 1143800, 1152250, 1160700, 1169150, 1177600, 1186050, 1194500, 1202950, 1211400, 1219850, 1228300, 1236750, 1245200, 1253650, 1262100, 1270550, 1279000, 1287450, 1295900, 1304350, 1312800, 1321250, 1329700, 1338150], [506550, 515100, 523650, 532200, 540750, 549300, 557850, 566400, 574950, 583500, 592050, 600600, 609150, 617700, 626250, 634800, 643350, 651900, 660450, 669000, 677550, 686100, 694650, 703200, 711750, 720300, 728850, 737400, 745950, 754500, 763050, 771600, 780150, 788700, 797250, 805800, 814350, 822900, 831450, 840000, 848550, 857100, 865650, 874200, 882750, 891300, 899850, 908400, 916950, 925500, 934050, 942600, 951150, 959700, 968250, 976800, 985350, 993900, 1002450, 1011000, 1019550, 1028100, 1036650, 1045200, 1053750, 1062300, 1070850, 1079400, 1087950, 1096500, 1105050, 1113600, 1122150, 1130700, 1139250, 1147800, 1156350, 1164900, 1173450, 1182000, 1190550, 1199100, 1207650, 1216200, 1224750, 1233300, 1241850, 1250400, 1258950, 1267500, 1276050, 1284600, 1293150, 1301700, 1310250, 1318800, 1327350, 1335900, 1344450, 1353000], [511500, 520150, 528800, 537450, 546100, 554750, 563400, 572050, 580700, 589350, 598000, 606650, 615300, 623950, 632600, 641250, 649900, 658550, 667200, 675850, 684500, 693150, 701800, 710450, 719100, 727750, 736400, 745050, 753700, 762350, 771000, 779650, 788300, 796950, 805600, 814250, 822900, 831550, 840200, 848850, 857500, 866150, 874800, 883450, 892100, 900750, 909400, 918050, 926700, 935350, 944000, 952650, 961300, 969950, 978600, 987250, 995900, 1004550, 1013200, 1021850, 1030500, 1039150, 1047800, 1056450, 1065100, 1073750, 1082400, 1091050, 1099700, 1108350, 1117000, 1125650, 1134300, 1142950, 1151600, 1160250, 1168900, 1177550, 1186200, 1194850, 1203500, 1212150, 1220800, 1229450, 1238100, 1246750, 1255400, 1264050, 1272700, 1281350, 1290000, 1298650, 1307300, 1315950, 1324600, 1333250, 1341900, 1350550, 1359200, 1367850], [516450, 525200, 533950, 542700, 551450, 560200, 568950, 577700, 586450, 595200, 603950, 612700, 621450, 630200, 638950, 647700, 656450, 665200, 673950, 682700, 691450, 700200, 708950, 717700, 726450, 735200, 743950, 752700, 761450, 770200, 778950, 787700, 796450, 805200, 813950, 822700, 831450, 840200, 848950, 857700, 866450, 875200, 883950, 892700, 901450, 910200, 918950, 927700, 936450, 945200, 953950, 962700, 971450, 980200, 988950, 997700, 1006450, 1015200, 1023950, 1032700, 1041450, 1050200, 1058950, 1067700, 1076450, 1085200, 1093950, 1102700, 1111450, 1120200, 1128950, 1137700, 1146450, 1155200, 1163950, 1172700, 1181450, 1190200, 1198950, 1207700, 1216450, 1225200, 1233950, 1242700, 1251450, 1260200, 1268950, 1277700, 1286450, 1295200, 1303950, 1312700, 1321450, 1330200, 1338950, 1347700, 1356450, 1365200, 1373950, 1382700], [521400, 530250, 539100, 547950, 556800, 565650, 574500, 583350, 592200, 601050, 609900, 618750, 627600, 636450, 645300, 654150, 663000, 671850, 680700, 689550, 698400, 707250, 716100, 724950, 733800, 742650, 751500, 760350, 769200, 778050, 786900, 795750, 804600, 813450, 822300, 831150, 840000, 848850, 857700, 866550, 875400, 884250, 893100, 901950, 910800, 919650, 928500, 937350, 946200, 955050, 963900, 972750, 981600, 990450, 999300, 1008150, 1017000, 1025850, 1034700, 1043550, 1052400, 1061250, 1070100, 1078950, 1087800, 1096650, 1105500, 1114350, 1123200, 1132050, 1140900, 1149750, 1158600, 1167450, 1176300, 1185150, 1194000, 1202850, 1211700, 1220550, 1229400, 1238250, 1247100, 1255950, 1264800, 1273650, 1282500, 1291350, 1300200, 1309050, 1317900, 1326750, 1335600, 1344450, 1353300, 1362150, 1371000, 1379850, 1388700, 1397550], [526350, 535300, 544250, 553200, 562150, 571100, 580050, 589000, 597950, 606900, 615850, 624800, 633750, 642700, 651650, 660600, 669550, 678500, 687450, 696400, 705350, 714300, 723250, 732200, 741150, 750100, 759050, 768000, 776950, 785900, 794850, 803800, 812750, 821700, 830650, 839600, 848550, 857500, 866450, 875400, 884350, 893300, 902250, 911200, 920150, 929100, 938050, 947000, 955950, 964900, 973850, 982800, 991750, 1000700, 1009650, 1018600, 1027550, 1036500, 1045450, 1054400, 1063350, 1072300, 1081250, 1090200, 1099150, 1108100, 1117050, 1126000, 1134950, 1143900, 1152850, 1161800, 1170750, 1179700, 1188650, 1197600, 1206550, 1215500, 1224450, 1233400, 1242350, 1251300, 1260250, 1269200, 1278150, 1287100, 1296050, 1305000, 1313950, 1322900, 1331850, 1340800, 1349750, 1358700, 1367650, 1376600, 1385550, 1394500, 1403450, 1412400], [531300, 540350, 549400, 558450, 567500, 576550, 585600, 594650, 603700, 612750, 621800, 630850, 639900, 648950, 658000, 667050, 676100, 685150, 694200, 703250, 712300, 721350, 730400, 739450, 748500, 757550, 766600, 775650, 784700, 793750, 802800, 811850, 820900, 829950, 839000, 848050, 857100, 866150, 875200, 884250, 893300, 902350, 911400, 920450, 929500, 938550, 947600, 956650, 965700, 974750, 983800, 992850, 1001900, 1010950, 1020000, 1029050, 1038100, 1047150, 1056200, 1065250, 1074300, 1083350, 1092400, 1101450, 1110500, 1119550, 1128600, 1137650, 1146700, 1155750, 1164800, 1173850, 1182900, 1191950, 1201000, 1210050, 1219100, 1228150, 1237200, 1246250, 1255300, 1264350, 1273400, 1282450, 1291500, 1300550, 1309600, 1318650, 1327700, 1336750, 1345800, 1354850, 1363900, 1372950, 1382000, 1391050, 1400100, 1409150, 1418200, 1427250], [536250, 545400, 554550, 563700, 572850, 582000, 591150, 600300, 609450, 618600, 627750, 636900, 646050, 655200, 664350, 673500, 682650, 691800, 700950, 710100, 719250, 728400, 737550, 746700, 755850, 765000, 774150, 783300, 792450, 801600, 810750, 819900, 829050, 838200, 847350, 856500, 865650, 874800, 883950, 893100, 902250, 911400, 920550, 929700, 938850, 948000, 957150, 966300, 975450, 984600, 993750, 1002900, 1012050, 1021200, 1030350, 1039500, 1048650, 1057800, 1066950, 1076100, 1085250, 1094400, 1103550, 1112700, 1121850, 1131000, 1140150, 1149300, 1158450, 1167600, 1176750, 1185900, 1195050, 1204200, 1213350, 1222500, 1231650, 1240800, 1249950, 1259100, 1268250, 1277400, 1286550, 1295700, 1304850, 1314000, 1323150, 1332300, 1341450, 1350600, 1359750, 1368900, 1378050, 1387200, 1396350, 1405500, 1414650, 1423800, 1432950, 1442100], [541200, 550450, 559700, 568950, 578200, 587450, 596700, 605950, 615200, 624450, 633700, 642950, 652200, 661450, 670700, 679950, 689200, 698450, 707700, 716950, 726200, 735450, 744700, 753950, 763200, 772450, 781700, 790950, 800200, 809450, 818700, 827950, 837200, 846450, 855700, 864950, 874200, 883450, 892700, 901950, 911200, 920450, 929700, 938950, 948200, 957450, 966700